0 0.08203125 0.52890625 0.1328125 0.2953125
0 0.09140625 0.33359375 0.0640625 0.090625
0 0.325 0.76953125 0.1953125 0.3890625
0 0.28828125 0.30703125 0.2015625 0.2171875
0 0.4609375 0.3 0.109375 0.0859375
0 0.3203125 0.47734375 0.265625 0.10625
0 0.61875 0.278125 0.090625 0.2265625
0 0.5765625 0.46328125 0.071875 0.159375
0 0.76015625 0.26796875 0.1765625 0.3421875
0 0.5484375 0.67109375 0.16875 0.2375
0 0.7296875 0.584375 0.1546875 0.2453125
0 0.93203125 0.165625 0.1328125 0.275
0 0.93828125 0.40546875 0.1234375 0.246875