0 0.059375 0.1890625 0.11875 0.0671875
0 0.3984375 0.22890625 0.2515625 0.2015625
0 0.0390625 0.246875 0.040625 0.0359375
0 0.07109375 0.2984375 0.1265625 0.065625
0 0.17421875 0.27734375 0.0515625 0.071875
0 0.21640625 0.17421875 0.109375 0.075
0 0.64140625 0.2484375 0.21875 0.2109375
0 0.865625 0.21875 0.0953125 0.0859375
0 0.85078125 0.26015625 0.0234375 0.0328125
0 0.865625 0.31875 0.0953125 0.0921875
0 0.96484375 0.28984375 0.0703125 0.1453125
0 0.03359375 0.7265625 0.0640625 0.390625
0 0.13515625 0.7234375 0.090625 0.3765625
0 0.4078125 0.6421875 0.4375 0.4765625
0 0.375 0.6234375 0.328125 0.2328125
0 0.34609375 0.45234375 0.10625 0.084375
0 0.6875 0.46484375 0.0921875 0.121875
0 0.6671875 0.55078125 0.0703125 0.0703125
0 0.890625 0.59609375 0.21875 0.3015625
0 0.7015625 0.64609375 0.14375 0.128125
0 0.85703125 0.44765625 0.246875 0.096875