0 0.05546875 0.175 0.1109375 0.059375
0 0.08203125 0.61953125 0.1640625 0.3171875
0 0.26015625 0.61484375 0.165625 0.3265625
0 0.44296875 0.6484375 0.14375 0.121875
0 0.30234375 0.21640625 0.046875 0.0515625
0 0.7609375 0.671875 0.459375 0.24375
0 0.1859375 0.93671875 0.371875 0.1265625
0 0.17109375 0.215625 0.04375 0.0875
0 0.2296875 0.21328125 0.0671875 0.0921875
0 0.56796875 0.20703125 0.0484375 0.0890625
0 0.46015625 0.9578125 0.1609375 0.084375
0 0.43828125 0.21171875 0.2109375 0.1078125
0 0.675 0.20625 0.128125 0.121875
0 0.725 0.95078125 0.33125 0.0984375