0 0.065625 0.4734375 0.06875 0.075
0 0.19609375 0.09609375 0.0984375 0.075
0 0.24921875 0.46484375 0.1609375 0.3046875
0 0.40234375 0.4203125 0.153125 0.3109375
0 0.55859375 0.40859375 0.128125 0.134375
0 0.40859375 0.07578125 0.040625 0.053125
0 0.815625 0.3578125 0.36875 0.3078125
0 0.30703125 0.790625 0.453125 0.35625
0 0.29765625 0.10390625 0.040625 0.084375
0 0.34765625 0.0890625 0.0609375 0.0921875
0 0.63203125 0.02578125 0.0453125 0.0515625
0 0.60078125 0.71640625 0.146875 0.2109375
0 0.52265625 0.05546875 0.1828125 0.1109375
0 0.721875 0.02578125 0.1140625 0.0515625
0 0.8234375 0.66484375 0.29375 0.2859375