0 0.1109375 0.28046875 0.103125 0.0734375
0 0.69921875 0.209375 0.1265625 0.1015625
0 0.78046875 0.4671875 0.1296875 0.0921875
0 0.17265625 0.6171875 0.115625 0.0921875
0 0.18984375 0.125 0.3625 0.19375
0 0.49453125 0.0765625 0.2703125 0.153125
0 0.75859375 0.05859375 0.259375 0.1171875
0 0.40703125 0.36875 0.759375 0.3625
0 0.884375 0.27578125 0.23125 0.2734375
0 0.87109375 0.58515625 0.2578125 0.2703125
0 0.484375 0.6609375 0.4953125 0.309375
0 0.1546875 0.7390625 0.203125 0.2546875
0 0.13125 0.921875 0.1203125 0.1546875
0 0.4796875 0.8671875 0.5828125 0.2203125