0 0.0234375 0.06953125 0.046875 0.0859375
0 0.11328125 0.3140625 0.0890625 0.0671875
0 0.62578125 0.46328125 0.1078125 0.0921875
0 0.89453125 0.26015625 0.0484375 0.0875
0 0.6078125 0.2484375 0.0546875 0.040625
0 0.80390625 0.290625 0.0515625 0.0515625
0 0.6671875 0.7125 0.1109375 0.0828125
0 0.12890625 0.62265625 0.1 0.084375
0 0.17890625 0.20546875 0.3546875 0.1859375
0 0.465625 0.2703125 0.234375 0.15625
0 0.696875 0.33359375 0.225 0.15625
0 0.34453125 0.4890625 0.6890625 0.3453125
0 0.82734375 0.6015625 0.2953125 0.259375
0 0.79296875 0.86484375 0.34375 0.2578125
0 0.39140625 0.7703125 0.4296875 0.2828125
0 0.0921875 0.7140625 0.184375 0.2375
0 0.05546875 0.89296875 0.1109375 0.2140625
0 0.3625 0.92109375 0.5140625 0.1578125