0 0.084375 0.24140625 0.09375 0.0578125
0 0.62890625 0.23984375 0.1125 0.08125
0 0.59375 0.02109375 0.0578125 0.034375
0 0.8 0.0140625 0.053125 0.028125
0 0.69140625 0.4859375 0.1171875 0.071875
0 0.125 0.5578125 0.1046875 0.0734375
0 0.165625 0.10703125 0.328125 0.140625
0 0.44765625 0.08828125 0.2453125 0.13125
0 0.6921875 0.0828125 0.2359375 0.13125
0 0.3546875 0.3546875 0.6921875 0.2546875
0 0.84765625 0.321875 0.3046875 0.23125
0 0.82734375 0.60546875 0.3453125 0.221875
0 0.41015625 0.63125 0.45 0.2359375
0 0.10390625 0.66875 0.175 0.215625
0 0.075 0.88359375 0.1046875 0.2328125
0 0.39765625 0.871875 0.5390625 0.240625