0 0.0875 0.49609375 0.084375 0.06875
0 0.2328125 0.11875 0.10625 0.0609375
0 0.28984375 0.52265625 0.1734375 0.3
0 0.45625 0.5078125 0.1671875 0.309375
0 0.625 0.5265625 0.1375 0.1203125
0 0.46328125 0.140625 0.0453125 0.05
0 0.8515625 0.53046875 0.296875 0.2453125
0 0.35 0.865625 0.4890625 0.2609375
0 0.34296875 0.14765625 0.04375 0.0828125
0 0.396875 0.14296875 0.065625 0.0890625
0 0.70546875 0.11484375 0.0484375 0.084375
0 0.6703125 0.86328125 0.159375 0.2
0 0.58671875 0.128125 0.1984375 0.1125
0 0.803125 0.1078125 0.1234375 0.1203125
0 0.8765625 0.83984375 0.246875 0.221875