0 0.43046875 0.44375 0.0703125 0.1296875
0 0.62578125 0.4140625 0.0484375 0.0640625
0 0.68046875 0.41640625 0.0546875 0.0578125
0 0.2140625 0.40703125 0.125 0.0546875
0 0.22578125 0.3171875 0.2484375 0.1484375
0 0.48125 0.29296875 0.178125 0.1234375
0 0.671875 0.265625 0.2 0.109375
0 0.18359375 0.4765625 0.1171875 0.1015625
0 0.3203125 0.4609375 0.1859375 0.1140625
0 0.553125 0.4140625 0.2109375 0.140625
0 0.7484375 0.3953125 0.2109375 0.1375
0 0.9171875 0.3703125 0.165625 0.1546875
0 0.93046875 0.23046875 0.1390625 0.109375