0 0.1234375 0.5265625 0.065625 0.1140625
0 0.29765625 0.51484375 0.0453125 0.0546875
0 0.34296875 0.51953125 0.0515625 0.0484375
0 0.00703125 0.47890625 0.0140625 0.040625
0 0.05859375 0.4015625 0.1171875 0.1171875
0 0.22890625 0.39765625 0.1625 0.1
0 0.39921875 0.3875 0.1828125 0.084375
0 0.05390625 0.534375 0.1078125 0.0890625
0 0.2375 0.509375 0.1921875 0.1125
0 0.40859375 0.50703125 0.1921875 0.109375
0 0.5828125 0.5 0.2015625 0.1234375
0 0.76875 0.4828125 0.215625 0.1296875
0 0.68984375 0.37734375 0.253125 0.0859375