0 0.1 0.08515625 0.1765625 0.1609375
0 0.0796875 0.4265625 0.1546875 0.2015625
0 0.215625 0.6328125 0.096875 0.3359375
0 0.02578125 0.671875 0.0515625 0.2828125
0 0.0921875 0.571875 0.053125 0.0671875
0 0.23984375 0.4125 0.0296875 0.1109375
0 0.2828125 0.540625 0.0421875 0.1703125
0 0.34765625 0.75546875 0.0578125 0.2
0 0.65390625 0.93125 0.184375 0.11875
0 0.5546875 0.1515625 0.365625 0.303125
0 0.86953125 0.4578125 0.2609375 0.915625
0 0.72578125 0.4578125 0.1734375 0.2453125
0 0.24765625 0.0453125 0.05 0.090625
0 0.321875 0.18125 0.09375 0.05
0 0.31171875 0.0109375 0.0765625 0.021875
0 0.35390625 0.09140625 0.0125 0.1140625
0 0.578125 0.734375 0.071875 0.13125
0 0.45 0.46796875 0.075 0.134375