0 0.11875 0.58125 0.10625 0.496875
0 0.2046875 0.659375 0.075 0.36875
0 0.053125 0.54140625 0.0390625 0.446875
0 0.38984375 0.315625 0.0796875 0.0921875
0 0.4140625 0.56875 0.109375 0.38125
0 0.3828125 0.878125 0.0875 0.1140625
0 0.60390625 0.50546875 0.084375 0.4078125
0 0.71015625 0.48828125 0.0625 0.4125
0 0.778125 0.54453125 0.04375 0.246875
0 0.778125 0.73046875 0.04375 0.096875
0 0.83046875 0.7 0.0234375 0.0515625
0 0.82578125 0.5484375 0.0265625 0.165625
0 0.8625 0.57109375 0.0234375 0.15
0 0.92109375 0.5484375 0.0234375 0.1296875
0 0.83515625 0.70859375 0.0265625 0.0765625
0 0.83125 0.93359375 0.0609375 0.0453125
0 0.74296875 0.9046875 0.0546875 0.0328125
0 0.76796875 0.821875 0.028125 0.0671875
0 0.9 0.78828125 0.06875 0.0828125
0 0.70625 0.83046875 0.0453125 0.05625
0 0.3234375 0.64296875 0.0453125 0.175