0 0.45390625 0.6453125 0.5703125 0.3828125
0 0.10234375 0.20078125 0.196875 0.2078125
0 0.0359375 0.6046875 0.0703125 0.46875
0 0.3859375 0.4171875 0.065625 0.053125
0 0.45234375 0.42109375 0.0453125 0.05625
0 0.61015625 0.39609375 0.1671875 0.09375
0 0.753125 0.4765625 0.0703125 0.1125
0 0.77734375 0.7359375 0.0875 0.159375
0 0.24765625 0.87734375 0.0640625 0.05625
0 0.43828125 0.865625 0.0921875 0.0625
0 0.5828125 0.87109375 0.121875 0.0640625
0 0.91484375 0.6640625 0.1421875 0.390625
0 0.1171875 0.7078125 0.0921875 0.125