0 0.290625 0.25234375 0.1375 0.115625
0 0.3265625 0.321875 0.0703125 0.05625
0 0.4484375 0.35625 0.0859375 0.090625
0 0.86640625 0.43984375 0.06875 0.1625
0 0.87890625 0.5453125 0.04375 0.0625
0 0.35 0.7421875 0.14375 0.2171875
0 0.3484375 0.63359375 0.1015625 0.0875
0 0.4578125 0.4265625 0.075 0.06875
0 0.465625 0.5 0.0734375 0.0359375
0 0.46796875 0.540625 0.059375 0.053125
0 0.47109375 0.5796875 0.0734375 0.0703125
0 0.52734375 0.4671875 0.0453125 0.0828125
0 0.5 0.45390625 0.0234375 0.0859375
0 0.4875 0.328125 0.025 0.1078125
0 0.53515625 0.565625 0.053125 0.084375
0 0.3234375 0.38515625 0.1109375 0.0984375
0 0.62265625 0.36015625 0.034375 0.0375
0 0.59453125 0.4359375 0.01875 0.05
0 0.9203125 0.50625 0.0359375 0.103125