0 0.1078125 0.13125 0.2078125 0.140625
0 0.56015625 0.1375 0.125 0.109375
0 0.25859375 0.2890625 0.209375 0.271875
0 0.3125 0.50625 0.18125 0.1796875
0 0.3171875 0.6125 0.1203125 0.0875
0 0.45859375 0.7609375 0.465625 0.4421875
0 0.5109375 0.5609375 0.240625 0.259375
0 0.4375 0.3421875 0.1703125 0.1859375
0 0.3640625 0.1921875 0.1515625 0.2359375
0 0.73125 0.78828125 0.1359375 0.1578125
0 0.58984375 0.24296875 0.1421875 0.128125
0 0.62265625 0.35546875 0.146875 0.1421875
0 0.665625 0.540625 0.221875 0.3703125