0 0.1703125 0.0859375 0.0546875 0.03125
0 0.26953125 0.07421875 0.1625 0.0765625
0 0.559375 0.0765625 0.0796875 0.0625
0 0.35390625 0.33828125 0.0796875 0.0796875
0 0.24609375 0.34296875 0.1 0.0796875
0 0.2640625 0.096875 0.0765625 0.0578125
0 0.00625 0.2703125 0.0125 0.03125
0 0.0109375 0.33828125 0.021875 0.0390625
0 0.003125 0.2421875 0.00625 0.06875
0 0.2125 0.13203125 0.084375 0.0640625
0 0.3125 0.1015625 0.0453125 0.0515625
0 0.35078125 0.20546875 0.0859375 0.2046875
0 0.17890625 0.3421875 0.0671875 0.0703125
0 0.48671875 0.32890625 0.178125 0.1203125
0 0.403125 0.06875 0.1375 0.090625