0 0.2890625 0.06171875 0.303125 0.1078125
0 0.61171875 0.2125 0.340625 0.2390625
0 0.42265625 0.2609375 0.6734375 0.5125
0 0.246875 0.6484375 0.434375 0.453125
0 0.26484375 0.371875 0.5109375 0.46875
0 0.42109375 0.60546875 0.4234375 0.45625
0 0.8609375 0.48671875 0.253125 0.240625
0 0.76484375 0.66640625 0.2375 0.228125
0 0.6703125 0.88671875 0.2453125 0.2265625
0 0.90390625 0.9484375 0.1921875 0.103125
0 0.9140625 0.87734375 0.171875 0.234375
0 0.9859375 0.696875 0.028125 0.103125
0 0.975 0.790625 0.05 0.1265625