0 0.63515625 0.1921875 0.1375 0.0890625
0 0.88671875 0.2078125 0.1453125 0.1046875
0 0.97578125 0.184375 0.0484375 0.0765625
0 0.9734375 0.22109375 0.053125 0.09375
0 0.47734375 0.18359375 0.1875 0.078125
0 0.3171875 0.19296875 0.1609375 0.0515625
0 0.07890625 0.15390625 0.04375 0.0703125
0 0.2796875 0.1625 0.2875 0.140625
0 0.94453125 0.6859375 0.1109375 0.0953125
0 0.8984375 0.48359375 0.140625 0.0890625
0 0.953125 0.52109375 0.09375 0.05625
0 0.3671875 0.40234375 0.1 0.0625
0 0.2671875 0.43984375 0.1140625 0.075
0 0.125 0.37109375 0.0890625 0.046875
0 0.42421875 0.45390625 0.18125 0.1046875