0 0.175 0.04375 0.2265625 0.0875
0 0.62421875 0.115625 0.10625 0.0953125
0 0.2859375 0.21640625 0.1515625 0.2578125
0 0.26953125 0.43828125 0.146875 0.1609375
0 0.240625 0.54375 0.10625 0.071875
0 0.3296875 0.7125 0.384375 0.3921875
0 0.44296875 0.525 0.190625 0.2359375
0 0.44140625 0.29765625 0.134375 0.1703125
0 0.41796875 0.1390625 0.0984375 0.228125
0 0.5828125 0.784375 0.1046875 0.146875
0 0.61953125 0.225 0.1171875 0.1125
0 0.615625 0.340625 0.121875 0.125
0 0.5984375 0.52890625 0.1375 0.3609375