0 0.72109375 0.02734375 0.0734375 0.0546875
0 0.44296875 0.240625 0.0703125 0.075
0 0.33984375 0.2234375 0.090625 0.071875
0 0.4359375 0.00625 0.0703125 0.0125
0 0.12265625 0.1 0.040625 0.0296875
0 0.1046875 0.1671875 0.05 0.034375
0 0.06875 0.11328125 0.0671875 0.0640625
0 0.05703125 0.053125 0.0265625 0.065625
0 0.10703125 0.0640625 0.078125 0.065625
0 0.375 0.01875 0.078125 0.0375
0 0.4796875 0.0125 0.0390625 0.025
0 0.48203125 0.109375 0.053125 0.20625
0 0.27734375 0.20859375 0.059375 0.065625
0 0.57109375 0.259375 0.16875 0.1046875
0 0.57578125 0.01328125 0.13125 0.0265625