0 0.4875 0.07109375 0.0796875 0.0640625
0 0.23125 0.0984375 0.4546875 0.1734375
0 0.68515625 0.1515625 0.0890625 0.0796875
0 0.721875 0.20390625 0.1453125 0.0953125
0 0.73515625 0.31953125 0.1484375 0.1640625
0 0.7484375 0.2421875 0.1078125 0.0640625
0 0.8484375 0.09765625 0.159375 0.0796875
0 0.8390625 0.153125 0.11875 0.0859375
0 0.86171875 0.2125 0.1046875 0.1125
0 0.06484375 0.19375 0.1234375 0.0828125
0 0.190625 0.1828125 0.1078125 0.084375
0 0.30078125 0.17734375 0.0765625 0.04375
0 0.54140625 0.40625 0.19375 0.1046875
0 0.51640625 0.34609375 0.1453125 0.0890625
0 0.578125 0.2984375 0.059375 0.046875
0 0.53671875 0.2625 0.05 0.0515625
0 0.57734375 0.2609375 0.0453125 0.053125
0 0.5609375 0.20390625 0.0484375 0.0265625
0 0.428125 0.24765625 0.0375 0.0296875
0 0.48359375 0.22109375 0.04375 0.046875
0 0.4421875 0.225 0.0515625 0.046875
0 0.465625 0.29140625 0.1015625 0.0796875