0 0.52734375 0.196875 0.13125 0.075
0 0.778125 0.15703125 0.1390625 0.0890625
0 0.90390625 0.10546875 0.121875 0.065625
0 0.90390625 0.1421875 0.125 0.0828125
0 0.3703125 0.2234375 0.1828125 0.05625
0 0.2125 0.26796875 0.1609375 0.0328125
0 0.17265625 0.2453125 0.28125 0.1078125
0 0.896875 0.61015625 0.1234375 0.078125
0 0.8203125 0.42578125 0.134375 0.0734375
0 0.87890625 0.45 0.090625 0.046875
0 0.284375 0.46171875 0.0953125 0.053125
0 0.190625 0.52109375 0.109375 0.0609375
0 0.04296875 0.484375 0.0859375 0.0375
0 0.346875 0.5 0.175 0.0828125