0 0.52734375 0.21875 0.1328125 0.0859375
0 0.771875 0.1734375 0.140625 0.1
0 0.8875 0.1203125 0.1234375 0.0765625
0 0.89453125 0.15625 0.125 0.09375
0 0.37578125 0.24921875 0.1828125 0.071875
0 0.22578125 0.29765625 0.159375 0.0484375
0 0.1828125 0.2765625 0.28125 0.13125
0 0.95234375 0.621875 0.0953125 0.0890625
0 0.859375 0.44140625 0.1359375 0.084375
0 0.921875 0.4640625 0.090625 0.053125
0 0.33203125 0.48984375 0.096875 0.0609375
0 0.2484375 0.55 0.109375 0.0703125
0 0.09375 0.5171875 0.0875 0.04375
0 0.40078125 0.5265625 0.175 0.0984375