0 0.25625 0.04765625 0.296875 0.0953125
0 0.58828125 0.1578125 0.3296875 0.2078125
0 0.403125 0.23046875 0.646875 0.4609375
0 0.24765625 0.6546875 0.43125 0.4125
0 0.25625 0.37109375 0.4875 0.4234375
0 0.42734375 0.5828125 0.396875 0.4203125
0 0.8546875 0.39609375 0.2421875 0.2171875
0 0.77109375 0.59140625 0.2234375 0.2078125
0 0.6953125 0.8484375 0.23125 0.246875
0 0.921875 0.89609375 0.15625 0.171875
0 0.92734375 0.778125 0.1453125 0.2171875
0 0.990625 0.58515625 0.01875 0.0984375
0 0.98359375 0.6828125 0.0328125 0.1203125