0 0.53203125 0.01640625 0.0796875 0.0328125
0 0.73359375 0.0328125 0.134375 0.0515625
0 0.7015625 0.05546875 0.0828125 0.0515625
0 0.70546875 0.08828125 0.096875 0.0421875
0 0.61953125 0.19296875 0.078125 0.065625
0 0.7765625 0.0765625 0.0859375 0.10625
0 0.16640625 0.1078125 0.08125 0.0765625
0 0.590625 0.02265625 0.065625 0.0453125
0 0.6265625 0.0546875 0.0546875 0.1078125
0 0.54375 0.0578125 0.1125 0.0765625
0 0.85390625 0.08359375 0.0734375 0.0890625
0 0.90390625 0.24296875 0.0875 0.0515625
0 0.8015625 0.1703125 0.13125 0.075
0 0.246875 0.10390625 0.0640625 0.090625
0 0.53515625 0.17265625 0.109375 0.0765625
0 0.75078125 0.21875 0.1875 0.078125
0 0.634375 0.13359375 0.2234375 0.1046875
0 0.2625 0.0203125 0.071875 0.040625