0 0.32421875 0.2203125 0.1296875 0.0984375
0 0.35078125 0.29296875 0.0671875 0.05
0 0.46875 0.33671875 0.0796875 0.08125
0 0.8765625 0.45703125 0.0578125 0.15625
0 0.875 0.56171875 0.040625 0.0578125
0 0.32109375 0.709375 0.1265625 0.2015625
0 0.33359375 0.603125 0.096875 0.075
0 0.46953125 0.40703125 0.0734375 0.059375
0 0.46796875 0.4796875 0.071875 0.0265625
0 0.465625 0.52109375 0.0546875 0.0453125
0 0.4625 0.56015625 0.0703125 0.0625
0 0.53359375 0.453125 0.0390625 0.078125
0 0.5078125 0.4375 0.0171875 0.0828125
0 0.51171875 0.31171875 0.015625 0.10625
0 0.52890625 0.55078125 0.046875 0.0765625
0 0.33984375 0.3546875 0.1046875 0.0859375
0 0.64296875 0.35546875 0.03125 0.0328125
0 0.6046875 0.428125 0.0171875 0.046875
0 0.92109375 0.52578125 0.028125 0.1