0 0.590625 0.02578125 0.075 0.0515625
0 0.328125 0.03515625 0.453125 0.0703125
0 0.7625 0.12890625 0.084375 0.06875
0 0.784375 0.184375 0.1421875 0.071875
0 0.7640625 0.29921875 0.1359375 0.14375
0 0.79921875 0.22578125 0.1046875 0.046875
0 0.9296875 0.090625 0.134375 0.0671875
0 0.9140625 0.15 0.1140625 0.06875
0 0.91953125 0.21015625 0.096875 0.0984375
0 0.1390625 0.09453125 0.1203125 0.0640625
0 0.265625 0.09921875 0.103125 0.06875
0 0.3765625 0.10703125 0.0765625 0.0296875
0 0.5484375 0.36015625 0.190625 0.0734375
0 0.5421875 0.29765625 0.1421875 0.0671875
0 0.615625 0.259375 0.0578125 0.0375
0 0.58515625 0.21953125 0.0453125 0.0453125
0 0.625 0.22265625 0.0390625 0.046875
0 0.62421875 0.1640625 0.046875 0.0203125
0 0.48203125 0.1921875 0.0375 0.0234375
0 0.54453125 0.171875 0.040625 0.040625
0 0.50234375 0.17109375 0.05 0.0390625
0 0.50703125 0.2390625 0.0984375 0.0640625