0 0.275 0.0515625 0.228125 0.0796875
0 0.29296875 0.15390625 0.15625 0.1828125
0 0.38828125 0.21015625 0.103125 0.040625
0 0.434375 0.16171875 0.1421875 0.1015625
0 0.58125 0.22265625 0.0921875 0.034375
0 0.8640625 0.1375 0.246875 0.1640625
0 0.84765625 0.19296875 0.1640625 0.05625
0 0.83515625 0.23125 0.13125 0.0421875
0 0.84140625 0.3359375 0.16875 0.0890625
0 0.82265625 0.403125 0.1421875 0.0890625
0 0.03046875 0.196875 0.05625 0.0390625
0 0.04140625 0.23359375 0.08125 0.05
0 0.45234375 0.2640625 0.159375 0.0453125
0 0.69453125 0.2640625 0.10625 0.0328125
0 0.853125 0.26328125 0.184375 0.04375
0 0.4125 0.328125 0.1359375 0.09375
0 0.42421875 0.4234375 0.15 0.115625
0 0.2453125 0.340625 0.1546875 0.2109375