0 0.2453125 0.0484375 0.325 0.096875
0 0.47578125 0.0109375 0.1296875 0.021875
0 0.03515625 0.2140625 0.0421875 0.1140625
0 0.28125 0.140625 0.4546875 0.28125
0 0.65234375 0.053125 0.1890625 0.10625
0 0.878125 0.06640625 0.24375 0.1328125
0 0.35703125 0.63671875 0.2125 0.3
0 0.328125 0.4375 0.228125 0.1453125
0 0.46171875 0.34453125 0.1546875 0.165625
0 0.31796875 0.33203125 0.184375 0.16875
0 0.65703125 0.66171875 0.2390625 0.30625
0 0.90234375 0.19609375 0.1953125 0.178125
0 0.7265625 0.4265625 0.0953125 0.19375
0 0.6953125 0.19765625 0.24375 0.14375
0 0.65703125 0.28828125 0.1140625 0.328125
0 0.57578125 0.4625 0.075 0.11875