0 0.903125 0.16328125 0.1625 0.053125
0 0.92265625 0.196875 0.1296875 0.05
0 0.7875 0.22421875 0.071875 0.1171875
0 0.05859375 0.0828125 0.1140625 0.115625
0 0.23515625 0.0484375 0.259375 0.06875
0 0.42578125 0.05234375 0.121875 0.05
0 0.32265625 0.1015625 0.3921875 0.11875
0 0.64765625 0.08984375 0.3046875 0.1046875
0 0.703125 0.125 0.1703125 0.0984375
0 0.709375 0.1390625 0.096875 0.071875
0 0.62109375 0.1984375 0.190625 0.1765625
0 0.565625 0.3484375 0.1 0.178125
0 0.6875 0.36796875 0.1296875 0.0671875
0 0.68515625 0.30078125 0.1828125 0.09375
0 0.78671875 0.375 0.1 0.125
0 0.09765625 0.3734375 0.175 0.14375
0 0.0640625 0.2140625 0.075 0.14375
0 0.29609375 0.18046875 0.3953125 0.109375
0 0.478125 0.16015625 0.0921875 0.0765625
0 0.13203125 0.27578125 0.08125 0.090625
0 0.02265625 0.2859375 0.0265625 0.05625