0 0.16484375 0.4859375 0.3265625 0.434375
0 0.24140625 0.290625 0.2203125 0.1421875
0 0.50234375 0.4875 0.3546875 0.315625
0 0.509375 0.3328125 0.234375 0.05625
0 0.65546875 0.3703125 0.053125 0.0765625
0 0.66015625 0.44765625 0.0859375 0.06875
0 0.446875 0.66953125 0.0609375 0.0625
0 0.2046875 0.47421875 0.409375 0.55625
0 0.60546875 0.6296875 0.25 0.18125
0 0.7203125 0.66328125 0.0390625 0.0515625
0 0.82109375 0.528125 0.29375 0.3171875
0 0.85 0.3703125 0.115625 0.071875
0 0.9640625 0.54296875 0.071875 0.29375